+----------------------------------------------------------------------------------------------------------------------------------------------------------------------------------------------------------------------------+
; Legal Partition Candidates                                                                                                                                                                                                 ;
+-----------------------+-------+----------------+--------------+----------------+--------+-----------------+---------------+-----------------+-------+----------------+--------------+------------------+-------------------+
; Hierarchy             ; Input ; Constant Input ; Unused Input ; Floating Input ; Output ; Constant Output ; Unused Output ; Floating Output ; Bidir ; Constant Bidir ; Unused Bidir ; Input only Bidir ; Output only Bidir ;
+-----------------------+-------+----------------+--------------+----------------+--------+-----------------+---------------+-----------------+-------+----------------+--------------+------------------+-------------------+
; nbitFA1               ; 33    ; 47             ; 0            ; 47             ; 17     ; 47              ; 47            ; 47              ; 0     ; 0              ; 0            ; 0                ; 0                 ;
; \nbitFA_L1:14:nbitFA1 ; 33    ; 48             ; 0            ; 48             ; 17     ; 48              ; 48            ; 48              ; 0     ; 0              ; 0            ; 0                ; 0                 ;
; \nbitFA_L1:13:nbitFA1 ; 33    ; 48             ; 0            ; 48             ; 17     ; 48              ; 48            ; 48              ; 0     ; 0              ; 0            ; 0                ; 0                 ;
; \nbitFA_L1:12:nbitFA1 ; 33    ; 48             ; 0            ; 48             ; 17     ; 48              ; 48            ; 48              ; 0     ; 0              ; 0            ; 0                ; 0                 ;
; \nbitFA_L1:11:nbitFA1 ; 33    ; 48             ; 0            ; 48             ; 17     ; 48              ; 48            ; 48              ; 0     ; 0              ; 0            ; 0                ; 0                 ;
; \nbitFA_L1:10:nbitFA1 ; 33    ; 48             ; 0            ; 48             ; 17     ; 48              ; 48            ; 48              ; 0     ; 0              ; 0            ; 0                ; 0                 ;
; \nbitFA_L1:9:nbitFA1  ; 33    ; 48             ; 0            ; 48             ; 17     ; 48              ; 48            ; 48              ; 0     ; 0              ; 0            ; 0                ; 0                 ;
; \nbitFA_L1:8:nbitFA1  ; 33    ; 48             ; 0            ; 48             ; 17     ; 48              ; 48            ; 48              ; 0     ; 0              ; 0            ; 0                ; 0                 ;
; \nbitFA_L1:7:nbitFA1  ; 33    ; 48             ; 0            ; 48             ; 17     ; 48              ; 48            ; 48              ; 0     ; 0              ; 0            ; 0                ; 0                 ;
; \nbitFA_L1:6:nbitFA1  ; 33    ; 48             ; 0            ; 48             ; 17     ; 48              ; 48            ; 48              ; 0     ; 0              ; 0            ; 0                ; 0                 ;
; \nbitFA_L1:5:nbitFA1  ; 33    ; 48             ; 0            ; 48             ; 17     ; 48              ; 48            ; 48              ; 0     ; 0              ; 0            ; 0                ; 0                 ;
; \nbitFA_L1:4:nbitFA1  ; 33    ; 48             ; 0            ; 48             ; 17     ; 48              ; 48            ; 48              ; 0     ; 0              ; 0            ; 0                ; 0                 ;
; \nbitFA_L1:3:nbitFA1  ; 33    ; 48             ; 0            ; 48             ; 17     ; 48              ; 48            ; 48              ; 0     ; 0              ; 0            ; 0                ; 0                 ;
; \nbitFA_L1:2:nbitFA1  ; 33    ; 48             ; 0            ; 48             ; 17     ; 48              ; 48            ; 48              ; 0     ; 0              ; 0            ; 0                ; 0                 ;
; \nbitFA_L1:1:nbitFA1  ; 33    ; 48             ; 0            ; 48             ; 17     ; 48              ; 48            ; 48              ; 0     ; 0              ; 0            ; 0                ; 0                 ;
; \nbitFA_L1:0:nbitFA1  ; 33    ; 47             ; 0            ; 47             ; 17     ; 47              ; 47            ; 47              ; 0     ; 0              ; 0            ; 0                ; 0                 ;
; nbitFA0               ; 33    ; 47             ; 0            ; 47             ; 17     ; 47              ; 47            ; 47              ; 0     ; 0              ; 0            ; 0                ; 0                 ;
; \nbitFA_L0:14:nbitFA0 ; 33    ; 47             ; 0            ; 47             ; 17     ; 47              ; 47            ; 47              ; 0     ; 0              ; 0            ; 0                ; 0                 ;
; \nbitFA_L0:13:nbitFA0 ; 33    ; 47             ; 0            ; 47             ; 17     ; 47              ; 47            ; 47              ; 0     ; 0              ; 0            ; 0                ; 0                 ;
; \nbitFA_L0:12:nbitFA0 ; 33    ; 47             ; 0            ; 47             ; 17     ; 47              ; 47            ; 47              ; 0     ; 0              ; 0            ; 0                ; 0                 ;
; \nbitFA_L0:11:nbitFA0 ; 33    ; 47             ; 0            ; 47             ; 17     ; 47              ; 47            ; 47              ; 0     ; 0              ; 0            ; 0                ; 0                 ;
; \nbitFA_L0:10:nbitFA0 ; 33    ; 47             ; 0            ; 47             ; 17     ; 47              ; 47            ; 47              ; 0     ; 0              ; 0            ; 0                ; 0                 ;
; \nbitFA_L0:9:nbitFA0  ; 33    ; 47             ; 0            ; 47             ; 17     ; 47              ; 47            ; 47              ; 0     ; 0              ; 0            ; 0                ; 0                 ;
; \nbitFA_L0:8:nbitFA0  ; 33    ; 47             ; 0            ; 47             ; 17     ; 47              ; 47            ; 47              ; 0     ; 0              ; 0            ; 0                ; 0                 ;
; \nbitFA_L0:7:nbitFA0  ; 33    ; 47             ; 0            ; 47             ; 17     ; 47              ; 47            ; 47              ; 0     ; 0              ; 0            ; 0                ; 0                 ;
; \nbitFA_L0:6:nbitFA0  ; 33    ; 47             ; 0            ; 47             ; 17     ; 47              ; 47            ; 47              ; 0     ; 0              ; 0            ; 0                ; 0                 ;
; \nbitFA_L0:5:nbitFA0  ; 33    ; 47             ; 0            ; 47             ; 17     ; 47              ; 47            ; 47              ; 0     ; 0              ; 0            ; 0                ; 0                 ;
; \nbitFA_L0:4:nbitFA0  ; 33    ; 47             ; 0            ; 47             ; 17     ; 47              ; 47            ; 47              ; 0     ; 0              ; 0            ; 0                ; 0                 ;
; \nbitFA_L0:3:nbitFA0  ; 33    ; 47             ; 0            ; 47             ; 17     ; 47              ; 47            ; 47              ; 0     ; 0              ; 0            ; 0                ; 0                 ;
; \nbitFA_L0:2:nbitFA0  ; 33    ; 47             ; 0            ; 47             ; 17     ; 47              ; 47            ; 47              ; 0     ; 0              ; 0            ; 0                ; 0                 ;
; \nbitFA_L0:1:nbitFA0  ; 33    ; 47             ; 0            ; 47             ; 17     ; 47              ; 47            ; 47              ; 0     ; 0              ; 0            ; 0                ; 0                 ;
; \nbitFA_L0:0:nbitFA0  ; 33    ; 47             ; 0            ; 47             ; 17     ; 47              ; 47            ; 47              ; 0     ; 0              ; 0            ; 0                ; 0                 ;
+-----------------------+-------+----------------+--------------+----------------+--------+-----------------+---------------+-----------------+-------+----------------+--------------+------------------+-------------------+
